1291.52915702
1420.57174702
1519.64015702
1647.69873702
1750.70792702
1881.74841702
1968.78044702
2131.84377702
2259.90235702
2396.96126702
2499.97045702
2571.00756702
2684.09162702
2870.17093702
2927.19239702
3064.25130702
3163.31971702
3278.34665702
3379.39433702
3507.48929702
3670.55262702
3741.58973702
3854.67379702
3968.71672702
4096.77530702
4225.81789702
4356.85838702
4503.92679702
4618.95373702
4747.99632702
4835.02835702
4948.11241702
5045.16517702
5173.22375702
5302.26634702
5399.31910702
5498.38751702
5569.42462702
5656.45665702
5812.55776702
5911.62617702
6024.71023702
6127.71942702
6258.75991702
6357.82832702
6454.88108702
6591.93999702
6728.99890702
6876.06731702
6973.12007702
7076.12926702
7177.17694702
7305.27190702
7436.31239702
7622.39170702
7785.45503702
7898.53909702
8045.60750702
8142.66026702
8279.71917702
8392.80323702
8489.85599702
8546.87745702
8693.94586702
8794.99354702
8923.08850702
9051.18346702
9166.21040702
9352.28971702
9423.32682702
9537.36975702
9624.40178702
9810.48109702
9947.54000702
10133.619317
10246.703377
10432.782687
10533.830367
10689.931477
10836.999887
10894.021347
10951.042807
11107.143917
11204.196677
11305.244357
11404.312767
11533.355357
11646.439417
11802.540527
11917.567467
11974.588927
12075.636607
12231.737717
12345.780647
12416.817757
12602.897067
12731.939657
12888.040767